
.. DO NOT EDIT.
.. THIS FILE WAS AUTOMATICALLY GENERATED BY SPHINX-GALLERY.
.. TO MAKE CHANGES, EDIT THE SOURCE PYTHON FILE:
.. "gallery\_scales\plot__size_scales.py"
.. LINE NUMBERS ARE GIVEN BELOW.

.. only:: html

    .. note::
        :class: sphx-glr-download-link-note

        Click :ref:`here <sphx_glr_download_gallery__scales_plot__size_scales.py>`
        to download the full example code

.. rst-class:: sphx-glr-example-title

.. _sphx_glr_gallery__scales_plot__size_scales.py:


Size Scales
===========

Scales control how a plot maps data values to the visual values of an
aesthetic.

.. GENERATED FROM PYTHON SOURCE LINES 9-16

.. code-block:: default



    import pandas as pd

    from lets_plot import *
    LetsPlot.setup_html()








.. GENERATED FROM PYTHON SOURCE LINES 18-21

.. code-block:: default


    df = pd.read_csv('https://raw.githubusercontent.com/JetBrains/lets-plot-docs/master/data/mpg.csv')








.. GENERATED FROM PYTHON SOURCE LINES 22-25

.. code-block:: default


    p = ggplot(df, aes('cty', 'hwy')) + geom_point(aes(size='cyl'), shape=21, alpha=.2)








.. GENERATED FROM PYTHON SOURCE LINES 26-36

.. code-block:: default


    p1 = p + ggtitle('Default')
    p2 = p + scale_size(range=[3, 6]) + ggtitle('With Scale')

    w, h = 400, 300
    bunch = GGBunch()
    bunch.add_plot(p1, 0, 0, w, h)
    bunch.add_plot(p2, w, 0, w, h)
    bunch






.. raw:: html

    <div class="output_subarea output_html rendered_html output_result">
    <html lang="en">
       <head>
           <script type="text/javascript" data-lets-plot-script="library" src="https://dl.bintray.com/jetbrains/lets-plot/lets-plot-2.0.1rc1.min.js"></script>
       </head>
       <body>
              <div id="0bc1DC"></div>
       <script type="text/javascript" data-lets-plot-script="plot">
           var plotSpec={
    'kind':"ggbunch",
    'items':[{
    'x':0,
    'y':0,
    'width':400,
    'height':300,
    'feature_spec':{
    'data':{
    'cyl':[4.0,4.0,4.0,4.0,6.0,6.0,6.0,4.0,4.0,4.0,4.0,6.0,6.0,6.0,6.0,6.0,6.0,8.0,8.0,8.0,8.0,8.0,8.0,8.0,8.0,8.0,8.0,8.0,8.0,8.0,8.0,8.0,4.0,4.0,6.0,6.0,6.0,4.0,6.0,6.0,6.0,6.0,6.0,6.0,6.0,6.0,6.0,6.0,6.0,6.0,6.0,6.0,8.0,8.0,8.0,8.0,8.0,6.0,8.0,8.0,8.0,8.0,8.0,8.0,8.0,8.0,8.0,8.0,8.0,8.0,8.0,8.0,8.0,8.0,8.0,8.0,8.0,6.0,6.0,6.0,6.0,8.0,8.0,6.0,6.0,8.0,8.0,8.0,8.0,8.0,6.0,6.0,6.0,6.0,8.0,8.0,8.0,8.0,8.0,4.0,4.0,4.0,4.0,4.0,4.0,4.0,4.0,4.0,4.0,4.0,4.0,4.0,6.0,6.0,6.0,4.0,4.0,4.0,4.0,6.0,6.0,6.0,6.0,6.0,6.0,8.0,8.0,8.0,8.0,8.0,8.0,8.0,8.0,8.0,8.0,8.0,8.0,6.0,6.0,8.0,8.0,4.0,4.0,4.0,4.0,6.0,6.0,6.0,6.0,6.0,6.0,6.0,6.0,8.0,6.0,6.0,6.0,6.0,8.0,4.0,4.0,4.0,4.0,4.0,4.0,4.0,4.0,4.0,4.0,4.0,4.0,4.0,4.0,4.0,4.0,6.0,6.0,6.0,8.0,4.0,4.0,4.0,4.0,6.0,6.0,6.0,4.0,4.0,4.0,4.0,6.0,6.0,6.0,4.0,4.0,4.0,4.0,4.0,8.0,8.0,4.0,4.0,4.0,6.0,6.0,6.0,6.0,4.0,4.0,4.0,4.0,6.0,4.0,4.0,4.0,4.0,4.0,5.0,5.0,6.0,6.0,4.0,4.0,4.0,4.0,5.0,5.0,4.0,4.0,4.0,4.0,6.0,6.0,6.0],
    'cty':[18.0,21.0,20.0,21.0,16.0,18.0,18.0,18.0,16.0,20.0,19.0,15.0,17.0,17.0,15.0,15.0,17.0,16.0,14.0,11.0,14.0,13.0,12.0,16.0,15.0,16.0,15.0,15.0,14.0,11.0,11.0,14.0,19.0,22.0,18.0,18.0,17.0,18.0,17.0,16.0,16.0,17.0,17.0,11.0,15.0,15.0,16.0,16.0,15.0,14.0,13.0,14.0,14.0,14.0,9.0,11.0,11.0,13.0,13.0,9.0,13.0,11.0,13.0,11.0,12.0,9.0,13.0,13.0,12.0,9.0,11.0,11.0,13.0,11.0,11.0,11.0,12.0,14.0,15.0,14.0,13.0,13.0,13.0,14.0,14.0,13.0,13.0,13.0,11.0,13.0,18.0,18.0,17.0,16.0,15.0,15.0,15.0,15.0,14.0,28.0,24.0,25.0,23.0,24.0,26.0,25.0,24.0,21.0,18.0,18.0,21.0,21.0,18.0,18.0,19.0,19.0,19.0,20.0,20.0,17.0,16.0,17.0,17.0,15.0,15.0,14.0,9.0,14.0,13.0,11.0,11.0,12.0,12.0,11.0,11.0,11.0,12.0,14.0,13.0,13.0,13.0,21.0,19.0,23.0,23.0,19.0,19.0,18.0,19.0,19.0,14.0,15.0,14.0,12.0,18.0,16.0,17.0,18.0,16.0,18.0,18.0,20.0,19.0,20.0,18.0,21.0,19.0,19.0,19.0,20.0,20.0,19.0,20.0,15.0,16.0,15.0,15.0,16.0,14.0,21.0,21.0,21.0,21.0,18.0,18.0,19.0,21.0,21.0,21.0,22.0,18.0,18.0,18.0,24.0,24.0,26.0,28.0,26.0,11.0,13.0,15.0,16.0,17.0,15.0,15.0,15.0,16.0,21.0,19.0,21.0,22.0,17.0,33.0,21.0,19.0,22.0,21.0,21.0,21.0,16.0,17.0,35.0,29.0,21.0,19.0,20.0,20.0,21.0,18.0,19.0,21.0,16.0,18.0,17.0],
    'hwy':[29.0,29.0,31.0,30.0,26.0,26.0,27.0,26.0,25.0,28.0,27.0,25.0,25.0,25.0,25.0,24.0,25.0,23.0,20.0,15.0,20.0,17.0,17.0,26.0,23.0,26.0,25.0,24.0,19.0,14.0,15.0,17.0,27.0,30.0,26.0,29.0,26.0,24.0,24.0,22.0,22.0,24.0,24.0,17.0,22.0,21.0,23.0,23.0,19.0,18.0,17.0,17.0,19.0,19.0,12.0,17.0,15.0,17.0,17.0,12.0,17.0,16.0,18.0,15.0,16.0,12.0,17.0,17.0,16.0,12.0,15.0,16.0,17.0,15.0,17.0,17.0,18.0,17.0,19.0,17.0,19.0,19.0,17.0,17.0,17.0,16.0,16.0,17.0,15.0,17.0,26.0,25.0,26.0,24.0,21.0,22.0,23.0,22.0,20.0,33.0,32.0,32.0,29.0,32.0,34.0,36.0,36.0,29.0,26.0,27.0,30.0,31.0,26.0,26.0,28.0,26.0,29.0,28.0,27.0,24.0,24.0,24.0,22.0,19.0,20.0,17.0,12.0,19.0,18.0,14.0,15.0,18.0,18.0,15.0,17.0,16.0,18.0,17.0,19.0,19.0,17.0,29.0,27.0,31.0,32.0,27.0,26.0,26.0,25.0,25.0,17.0,17.0,20.0,18.0,26.0,26.0,27.0,28.0,25.0,25.0,24.0,27.0,25.0,26.0,23.0,26.0,26.0,26.0,26.0,25.0,27.0,25.0,27.0,20.0,20.0,19.0,17.0,20.0,17.0,29.0,27.0,31.0,31.0,26.0,26.0,28.0,27.0,29.0,31.0,31.0,26.0,26.0,27.0,30.0,33.0,35.0,37.0,35.0,15.0,18.0,20.0,20.0,22.0,17.0,19.0,18.0,20.0,29.0,26.0,29.0,29.0,24.0,44.0,29.0,26.0,29.0,29.0,29.0,29.0,23.0,24.0,44.0,41.0,29.0,26.0,28.0,29.0,29.0,29.0,28.0,29.0,26.0,26.0,26.0]
    },
    'mapping':{
    'x':"cty",
    'y':"hwy"
    },
    'data_meta':{
    },
    'ggtitle':{
    'text':"Default"
    },
    'kind':"plot",
    'scales':[],
    'layers':[{
    'geom':"point",
    'mapping':{
    'size':"cyl"
    },
    'data_meta':{
    },
    'shape':21,
    'alpha':0.2,
    'data':{
    }
    }]
    }
    },{
    'x':400,
    'y':0,
    'width':400,
    'height':300,
    'feature_spec':{
    'data':{
    'cyl':[4.0,4.0,4.0,4.0,6.0,6.0,6.0,4.0,4.0,4.0,4.0,6.0,6.0,6.0,6.0,6.0,6.0,8.0,8.0,8.0,8.0,8.0,8.0,8.0,8.0,8.0,8.0,8.0,8.0,8.0,8.0,8.0,4.0,4.0,6.0,6.0,6.0,4.0,6.0,6.0,6.0,6.0,6.0,6.0,6.0,6.0,6.0,6.0,6.0,6.0,6.0,6.0,8.0,8.0,8.0,8.0,8.0,6.0,8.0,8.0,8.0,8.0,8.0,8.0,8.0,8.0,8.0,8.0,8.0,8.0,8.0,8.0,8.0,8.0,8.0,8.0,8.0,6.0,6.0,6.0,6.0,8.0,8.0,6.0,6.0,8.0,8.0,8.0,8.0,8.0,6.0,6.0,6.0,6.0,8.0,8.0,8.0,8.0,8.0,4.0,4.0,4.0,4.0,4.0,4.0,4.0,4.0,4.0,4.0,4.0,4.0,4.0,6.0,6.0,6.0,4.0,4.0,4.0,4.0,6.0,6.0,6.0,6.0,6.0,6.0,8.0,8.0,8.0,8.0,8.0,8.0,8.0,8.0,8.0,8.0,8.0,8.0,6.0,6.0,8.0,8.0,4.0,4.0,4.0,4.0,6.0,6.0,6.0,6.0,6.0,6.0,6.0,6.0,8.0,6.0,6.0,6.0,6.0,8.0,4.0,4.0,4.0,4.0,4.0,4.0,4.0,4.0,4.0,4.0,4.0,4.0,4.0,4.0,4.0,4.0,6.0,6.0,6.0,8.0,4.0,4.0,4.0,4.0,6.0,6.0,6.0,4.0,4.0,4.0,4.0,6.0,6.0,6.0,4.0,4.0,4.0,4.0,4.0,8.0,8.0,4.0,4.0,4.0,6.0,6.0,6.0,6.0,4.0,4.0,4.0,4.0,6.0,4.0,4.0,4.0,4.0,4.0,5.0,5.0,6.0,6.0,4.0,4.0,4.0,4.0,5.0,5.0,4.0,4.0,4.0,4.0,6.0,6.0,6.0],
    'cty':[18.0,21.0,20.0,21.0,16.0,18.0,18.0,18.0,16.0,20.0,19.0,15.0,17.0,17.0,15.0,15.0,17.0,16.0,14.0,11.0,14.0,13.0,12.0,16.0,15.0,16.0,15.0,15.0,14.0,11.0,11.0,14.0,19.0,22.0,18.0,18.0,17.0,18.0,17.0,16.0,16.0,17.0,17.0,11.0,15.0,15.0,16.0,16.0,15.0,14.0,13.0,14.0,14.0,14.0,9.0,11.0,11.0,13.0,13.0,9.0,13.0,11.0,13.0,11.0,12.0,9.0,13.0,13.0,12.0,9.0,11.0,11.0,13.0,11.0,11.0,11.0,12.0,14.0,15.0,14.0,13.0,13.0,13.0,14.0,14.0,13.0,13.0,13.0,11.0,13.0,18.0,18.0,17.0,16.0,15.0,15.0,15.0,15.0,14.0,28.0,24.0,25.0,23.0,24.0,26.0,25.0,24.0,21.0,18.0,18.0,21.0,21.0,18.0,18.0,19.0,19.0,19.0,20.0,20.0,17.0,16.0,17.0,17.0,15.0,15.0,14.0,9.0,14.0,13.0,11.0,11.0,12.0,12.0,11.0,11.0,11.0,12.0,14.0,13.0,13.0,13.0,21.0,19.0,23.0,23.0,19.0,19.0,18.0,19.0,19.0,14.0,15.0,14.0,12.0,18.0,16.0,17.0,18.0,16.0,18.0,18.0,20.0,19.0,20.0,18.0,21.0,19.0,19.0,19.0,20.0,20.0,19.0,20.0,15.0,16.0,15.0,15.0,16.0,14.0,21.0,21.0,21.0,21.0,18.0,18.0,19.0,21.0,21.0,21.0,22.0,18.0,18.0,18.0,24.0,24.0,26.0,28.0,26.0,11.0,13.0,15.0,16.0,17.0,15.0,15.0,15.0,16.0,21.0,19.0,21.0,22.0,17.0,33.0,21.0,19.0,22.0,21.0,21.0,21.0,16.0,17.0,35.0,29.0,21.0,19.0,20.0,20.0,21.0,18.0,19.0,21.0,16.0,18.0,17.0],
    'hwy':[29.0,29.0,31.0,30.0,26.0,26.0,27.0,26.0,25.0,28.0,27.0,25.0,25.0,25.0,25.0,24.0,25.0,23.0,20.0,15.0,20.0,17.0,17.0,26.0,23.0,26.0,25.0,24.0,19.0,14.0,15.0,17.0,27.0,30.0,26.0,29.0,26.0,24.0,24.0,22.0,22.0,24.0,24.0,17.0,22.0,21.0,23.0,23.0,19.0,18.0,17.0,17.0,19.0,19.0,12.0,17.0,15.0,17.0,17.0,12.0,17.0,16.0,18.0,15.0,16.0,12.0,17.0,17.0,16.0,12.0,15.0,16.0,17.0,15.0,17.0,17.0,18.0,17.0,19.0,17.0,19.0,19.0,17.0,17.0,17.0,16.0,16.0,17.0,15.0,17.0,26.0,25.0,26.0,24.0,21.0,22.0,23.0,22.0,20.0,33.0,32.0,32.0,29.0,32.0,34.0,36.0,36.0,29.0,26.0,27.0,30.0,31.0,26.0,26.0,28.0,26.0,29.0,28.0,27.0,24.0,24.0,24.0,22.0,19.0,20.0,17.0,12.0,19.0,18.0,14.0,15.0,18.0,18.0,15.0,17.0,16.0,18.0,17.0,19.0,19.0,17.0,29.0,27.0,31.0,32.0,27.0,26.0,26.0,25.0,25.0,17.0,17.0,20.0,18.0,26.0,26.0,27.0,28.0,25.0,25.0,24.0,27.0,25.0,26.0,23.0,26.0,26.0,26.0,26.0,25.0,27.0,25.0,27.0,20.0,20.0,19.0,17.0,20.0,17.0,29.0,27.0,31.0,31.0,26.0,26.0,28.0,27.0,29.0,31.0,31.0,26.0,26.0,27.0,30.0,33.0,35.0,37.0,35.0,15.0,18.0,20.0,20.0,22.0,17.0,19.0,18.0,20.0,29.0,26.0,29.0,29.0,24.0,44.0,29.0,26.0,29.0,29.0,29.0,29.0,23.0,24.0,44.0,41.0,29.0,26.0,28.0,29.0,29.0,29.0,28.0,29.0,26.0,26.0,26.0]
    },
    'mapping':{
    'x':"cty",
    'y':"hwy"
    },
    'data_meta':{
    },
    'ggtitle':{
    'text':"With Scale"
    },
    'kind':"plot",
    'scales':[{
    'aesthetic':"size",
    'range':[3,6]
    }],
    'layers':[{
    'geom':"point",
    'mapping':{
    'size':"cyl"
    },
    'data_meta':{
    },
    'shape':21,
    'alpha':0.2,
    'data':{
    }
    }]
    }
    }]
    };
           var plotContainer = document.getElementById("0bc1DC");
           LetsPlot.buildPlotFromProcessedSpecs(plotSpec, -1, -1, plotContainer);
       </script>
       </body>
    </html>
    </div>
    <br />
    <br />

.. GENERATED FROM PYTHON SOURCE LINES 37-45

.. code-block:: default


    p1 = p + ggtitle('Default')
    p2 = p + scale_size_area() + ggtitle('With Scale')

    w, h = 400, 300
    bunch = GGBunch()
    bunch.add_plot(p1, 0, 0, w, h)
    bunch.add_plot(p2, w, 0, w, h)
    bunch




.. raw:: html

    <div class="output_subarea output_html rendered_html output_result">
    <html lang="en">
       <head>
           <script type="text/javascript" data-lets-plot-script="library" src="https://dl.bintray.com/jetbrains/lets-plot/lets-plot-2.0.1rc1.min.js"></script>
       </head>
       <body>
              <div id="TFKBQQ"></div>
       <script type="text/javascript" data-lets-plot-script="plot">
           var plotSpec={
    'kind':"ggbunch",
    'items':[{
    'x':0,
    'y':0,
    'width':400,
    'height':300,
    'feature_spec':{
    'data':{
    'cyl':[4.0,4.0,4.0,4.0,6.0,6.0,6.0,4.0,4.0,4.0,4.0,6.0,6.0,6.0,6.0,6.0,6.0,8.0,8.0,8.0,8.0,8.0,8.0,8.0,8.0,8.0,8.0,8.0,8.0,8.0,8.0,8.0,4.0,4.0,6.0,6.0,6.0,4.0,6.0,6.0,6.0,6.0,6.0,6.0,6.0,6.0,6.0,6.0,6.0,6.0,6.0,6.0,8.0,8.0,8.0,8.0,8.0,6.0,8.0,8.0,8.0,8.0,8.0,8.0,8.0,8.0,8.0,8.0,8.0,8.0,8.0,8.0,8.0,8.0,8.0,8.0,8.0,6.0,6.0,6.0,6.0,8.0,8.0,6.0,6.0,8.0,8.0,8.0,8.0,8.0,6.0,6.0,6.0,6.0,8.0,8.0,8.0,8.0,8.0,4.0,4.0,4.0,4.0,4.0,4.0,4.0,4.0,4.0,4.0,4.0,4.0,4.0,6.0,6.0,6.0,4.0,4.0,4.0,4.0,6.0,6.0,6.0,6.0,6.0,6.0,8.0,8.0,8.0,8.0,8.0,8.0,8.0,8.0,8.0,8.0,8.0,8.0,6.0,6.0,8.0,8.0,4.0,4.0,4.0,4.0,6.0,6.0,6.0,6.0,6.0,6.0,6.0,6.0,8.0,6.0,6.0,6.0,6.0,8.0,4.0,4.0,4.0,4.0,4.0,4.0,4.0,4.0,4.0,4.0,4.0,4.0,4.0,4.0,4.0,4.0,6.0,6.0,6.0,8.0,4.0,4.0,4.0,4.0,6.0,6.0,6.0,4.0,4.0,4.0,4.0,6.0,6.0,6.0,4.0,4.0,4.0,4.0,4.0,8.0,8.0,4.0,4.0,4.0,6.0,6.0,6.0,6.0,4.0,4.0,4.0,4.0,6.0,4.0,4.0,4.0,4.0,4.0,5.0,5.0,6.0,6.0,4.0,4.0,4.0,4.0,5.0,5.0,4.0,4.0,4.0,4.0,6.0,6.0,6.0],
    'cty':[18.0,21.0,20.0,21.0,16.0,18.0,18.0,18.0,16.0,20.0,19.0,15.0,17.0,17.0,15.0,15.0,17.0,16.0,14.0,11.0,14.0,13.0,12.0,16.0,15.0,16.0,15.0,15.0,14.0,11.0,11.0,14.0,19.0,22.0,18.0,18.0,17.0,18.0,17.0,16.0,16.0,17.0,17.0,11.0,15.0,15.0,16.0,16.0,15.0,14.0,13.0,14.0,14.0,14.0,9.0,11.0,11.0,13.0,13.0,9.0,13.0,11.0,13.0,11.0,12.0,9.0,13.0,13.0,12.0,9.0,11.0,11.0,13.0,11.0,11.0,11.0,12.0,14.0,15.0,14.0,13.0,13.0,13.0,14.0,14.0,13.0,13.0,13.0,11.0,13.0,18.0,18.0,17.0,16.0,15.0,15.0,15.0,15.0,14.0,28.0,24.0,25.0,23.0,24.0,26.0,25.0,24.0,21.0,18.0,18.0,21.0,21.0,18.0,18.0,19.0,19.0,19.0,20.0,20.0,17.0,16.0,17.0,17.0,15.0,15.0,14.0,9.0,14.0,13.0,11.0,11.0,12.0,12.0,11.0,11.0,11.0,12.0,14.0,13.0,13.0,13.0,21.0,19.0,23.0,23.0,19.0,19.0,18.0,19.0,19.0,14.0,15.0,14.0,12.0,18.0,16.0,17.0,18.0,16.0,18.0,18.0,20.0,19.0,20.0,18.0,21.0,19.0,19.0,19.0,20.0,20.0,19.0,20.0,15.0,16.0,15.0,15.0,16.0,14.0,21.0,21.0,21.0,21.0,18.0,18.0,19.0,21.0,21.0,21.0,22.0,18.0,18.0,18.0,24.0,24.0,26.0,28.0,26.0,11.0,13.0,15.0,16.0,17.0,15.0,15.0,15.0,16.0,21.0,19.0,21.0,22.0,17.0,33.0,21.0,19.0,22.0,21.0,21.0,21.0,16.0,17.0,35.0,29.0,21.0,19.0,20.0,20.0,21.0,18.0,19.0,21.0,16.0,18.0,17.0],
    'hwy':[29.0,29.0,31.0,30.0,26.0,26.0,27.0,26.0,25.0,28.0,27.0,25.0,25.0,25.0,25.0,24.0,25.0,23.0,20.0,15.0,20.0,17.0,17.0,26.0,23.0,26.0,25.0,24.0,19.0,14.0,15.0,17.0,27.0,30.0,26.0,29.0,26.0,24.0,24.0,22.0,22.0,24.0,24.0,17.0,22.0,21.0,23.0,23.0,19.0,18.0,17.0,17.0,19.0,19.0,12.0,17.0,15.0,17.0,17.0,12.0,17.0,16.0,18.0,15.0,16.0,12.0,17.0,17.0,16.0,12.0,15.0,16.0,17.0,15.0,17.0,17.0,18.0,17.0,19.0,17.0,19.0,19.0,17.0,17.0,17.0,16.0,16.0,17.0,15.0,17.0,26.0,25.0,26.0,24.0,21.0,22.0,23.0,22.0,20.0,33.0,32.0,32.0,29.0,32.0,34.0,36.0,36.0,29.0,26.0,27.0,30.0,31.0,26.0,26.0,28.0,26.0,29.0,28.0,27.0,24.0,24.0,24.0,22.0,19.0,20.0,17.0,12.0,19.0,18.0,14.0,15.0,18.0,18.0,15.0,17.0,16.0,18.0,17.0,19.0,19.0,17.0,29.0,27.0,31.0,32.0,27.0,26.0,26.0,25.0,25.0,17.0,17.0,20.0,18.0,26.0,26.0,27.0,28.0,25.0,25.0,24.0,27.0,25.0,26.0,23.0,26.0,26.0,26.0,26.0,25.0,27.0,25.0,27.0,20.0,20.0,19.0,17.0,20.0,17.0,29.0,27.0,31.0,31.0,26.0,26.0,28.0,27.0,29.0,31.0,31.0,26.0,26.0,27.0,30.0,33.0,35.0,37.0,35.0,15.0,18.0,20.0,20.0,22.0,17.0,19.0,18.0,20.0,29.0,26.0,29.0,29.0,24.0,44.0,29.0,26.0,29.0,29.0,29.0,29.0,23.0,24.0,44.0,41.0,29.0,26.0,28.0,29.0,29.0,29.0,28.0,29.0,26.0,26.0,26.0]
    },
    'mapping':{
    'x':"cty",
    'y':"hwy"
    },
    'data_meta':{
    },
    'ggtitle':{
    'text':"Default"
    },
    'kind':"plot",
    'scales':[],
    'layers':[{
    'geom':"point",
    'mapping':{
    'size':"cyl"
    },
    'data_meta':{
    },
    'shape':21,
    'alpha':0.2,
    'data':{
    }
    }]
    }
    },{
    'x':400,
    'y':0,
    'width':400,
    'height':300,
    'feature_spec':{
    'data':{
    'cyl':[4.0,4.0,4.0,4.0,6.0,6.0,6.0,4.0,4.0,4.0,4.0,6.0,6.0,6.0,6.0,6.0,6.0,8.0,8.0,8.0,8.0,8.0,8.0,8.0,8.0,8.0,8.0,8.0,8.0,8.0,8.0,8.0,4.0,4.0,6.0,6.0,6.0,4.0,6.0,6.0,6.0,6.0,6.0,6.0,6.0,6.0,6.0,6.0,6.0,6.0,6.0,6.0,8.0,8.0,8.0,8.0,8.0,6.0,8.0,8.0,8.0,8.0,8.0,8.0,8.0,8.0,8.0,8.0,8.0,8.0,8.0,8.0,8.0,8.0,8.0,8.0,8.0,6.0,6.0,6.0,6.0,8.0,8.0,6.0,6.0,8.0,8.0,8.0,8.0,8.0,6.0,6.0,6.0,6.0,8.0,8.0,8.0,8.0,8.0,4.0,4.0,4.0,4.0,4.0,4.0,4.0,4.0,4.0,4.0,4.0,4.0,4.0,6.0,6.0,6.0,4.0,4.0,4.0,4.0,6.0,6.0,6.0,6.0,6.0,6.0,8.0,8.0,8.0,8.0,8.0,8.0,8.0,8.0,8.0,8.0,8.0,8.0,6.0,6.0,8.0,8.0,4.0,4.0,4.0,4.0,6.0,6.0,6.0,6.0,6.0,6.0,6.0,6.0,8.0,6.0,6.0,6.0,6.0,8.0,4.0,4.0,4.0,4.0,4.0,4.0,4.0,4.0,4.0,4.0,4.0,4.0,4.0,4.0,4.0,4.0,6.0,6.0,6.0,8.0,4.0,4.0,4.0,4.0,6.0,6.0,6.0,4.0,4.0,4.0,4.0,6.0,6.0,6.0,4.0,4.0,4.0,4.0,4.0,8.0,8.0,4.0,4.0,4.0,6.0,6.0,6.0,6.0,4.0,4.0,4.0,4.0,6.0,4.0,4.0,4.0,4.0,4.0,5.0,5.0,6.0,6.0,4.0,4.0,4.0,4.0,5.0,5.0,4.0,4.0,4.0,4.0,6.0,6.0,6.0],
    'cty':[18.0,21.0,20.0,21.0,16.0,18.0,18.0,18.0,16.0,20.0,19.0,15.0,17.0,17.0,15.0,15.0,17.0,16.0,14.0,11.0,14.0,13.0,12.0,16.0,15.0,16.0,15.0,15.0,14.0,11.0,11.0,14.0,19.0,22.0,18.0,18.0,17.0,18.0,17.0,16.0,16.0,17.0,17.0,11.0,15.0,15.0,16.0,16.0,15.0,14.0,13.0,14.0,14.0,14.0,9.0,11.0,11.0,13.0,13.0,9.0,13.0,11.0,13.0,11.0,12.0,9.0,13.0,13.0,12.0,9.0,11.0,11.0,13.0,11.0,11.0,11.0,12.0,14.0,15.0,14.0,13.0,13.0,13.0,14.0,14.0,13.0,13.0,13.0,11.0,13.0,18.0,18.0,17.0,16.0,15.0,15.0,15.0,15.0,14.0,28.0,24.0,25.0,23.0,24.0,26.0,25.0,24.0,21.0,18.0,18.0,21.0,21.0,18.0,18.0,19.0,19.0,19.0,20.0,20.0,17.0,16.0,17.0,17.0,15.0,15.0,14.0,9.0,14.0,13.0,11.0,11.0,12.0,12.0,11.0,11.0,11.0,12.0,14.0,13.0,13.0,13.0,21.0,19.0,23.0,23.0,19.0,19.0,18.0,19.0,19.0,14.0,15.0,14.0,12.0,18.0,16.0,17.0,18.0,16.0,18.0,18.0,20.0,19.0,20.0,18.0,21.0,19.0,19.0,19.0,20.0,20.0,19.0,20.0,15.0,16.0,15.0,15.0,16.0,14.0,21.0,21.0,21.0,21.0,18.0,18.0,19.0,21.0,21.0,21.0,22.0,18.0,18.0,18.0,24.0,24.0,26.0,28.0,26.0,11.0,13.0,15.0,16.0,17.0,15.0,15.0,15.0,16.0,21.0,19.0,21.0,22.0,17.0,33.0,21.0,19.0,22.0,21.0,21.0,21.0,16.0,17.0,35.0,29.0,21.0,19.0,20.0,20.0,21.0,18.0,19.0,21.0,16.0,18.0,17.0],
    'hwy':[29.0,29.0,31.0,30.0,26.0,26.0,27.0,26.0,25.0,28.0,27.0,25.0,25.0,25.0,25.0,24.0,25.0,23.0,20.0,15.0,20.0,17.0,17.0,26.0,23.0,26.0,25.0,24.0,19.0,14.0,15.0,17.0,27.0,30.0,26.0,29.0,26.0,24.0,24.0,22.0,22.0,24.0,24.0,17.0,22.0,21.0,23.0,23.0,19.0,18.0,17.0,17.0,19.0,19.0,12.0,17.0,15.0,17.0,17.0,12.0,17.0,16.0,18.0,15.0,16.0,12.0,17.0,17.0,16.0,12.0,15.0,16.0,17.0,15.0,17.0,17.0,18.0,17.0,19.0,17.0,19.0,19.0,17.0,17.0,17.0,16.0,16.0,17.0,15.0,17.0,26.0,25.0,26.0,24.0,21.0,22.0,23.0,22.0,20.0,33.0,32.0,32.0,29.0,32.0,34.0,36.0,36.0,29.0,26.0,27.0,30.0,31.0,26.0,26.0,28.0,26.0,29.0,28.0,27.0,24.0,24.0,24.0,22.0,19.0,20.0,17.0,12.0,19.0,18.0,14.0,15.0,18.0,18.0,15.0,17.0,16.0,18.0,17.0,19.0,19.0,17.0,29.0,27.0,31.0,32.0,27.0,26.0,26.0,25.0,25.0,17.0,17.0,20.0,18.0,26.0,26.0,27.0,28.0,25.0,25.0,24.0,27.0,25.0,26.0,23.0,26.0,26.0,26.0,26.0,25.0,27.0,25.0,27.0,20.0,20.0,19.0,17.0,20.0,17.0,29.0,27.0,31.0,31.0,26.0,26.0,28.0,27.0,29.0,31.0,31.0,26.0,26.0,27.0,30.0,33.0,35.0,37.0,35.0,15.0,18.0,20.0,20.0,22.0,17.0,19.0,18.0,20.0,29.0,26.0,29.0,29.0,24.0,44.0,29.0,26.0,29.0,29.0,29.0,29.0,23.0,24.0,44.0,41.0,29.0,26.0,28.0,29.0,29.0,29.0,28.0,29.0,26.0,26.0,26.0]
    },
    'mapping':{
    'x':"cty",
    'y':"hwy"
    },
    'data_meta':{
    },
    'ggtitle':{
    'text':"With Scale"
    },
    'kind':"plot",
    'scales':[{
    'aesthetic':"size",
    'scale_mapper_kind':"size_area"
    }],
    'layers':[{
    'geom':"point",
    'mapping':{
    'size':"cyl"
    },
    'data_meta':{
    },
    'shape':21,
    'alpha':0.2,
    'data':{
    }
    }]
    }
    }]
    };
           var plotContainer = document.getElementById("TFKBQQ");
           LetsPlot.buildPlotFromProcessedSpecs(plotSpec, -1, -1, plotContainer);
       </script>
       </body>
    </html>
    </div>
    <br />
    <br />


.. rst-class:: sphx-glr-timing

   **Total running time of the script:** ( 0 minutes  0.270 seconds)


.. _sphx_glr_download_gallery__scales_plot__size_scales.py:


.. only :: html

 .. container:: sphx-glr-footer
    :class: sphx-glr-footer-example



  .. container:: sphx-glr-download sphx-glr-download-python

     :download:`Download Python source code: plot__size_scales.py <plot__size_scales.py>`



  .. container:: sphx-glr-download sphx-glr-download-jupyter

     :download:`Download Jupyter notebook: plot__size_scales.ipynb <plot__size_scales.ipynb>`


.. only:: html

 .. rst-class:: sphx-glr-signature

    `Gallery generated by Sphinx-Gallery <https://sphinx-gallery.github.io>`_
