
.. DO NOT EDIT.
.. THIS FILE WAS AUTOMATICALLY GENERATED BY SPHINX-GALLERY.
.. TO MAKE CHANGES, EDIT THE SOURCE PYTHON FILE:
.. "gallery\_position_adjustments\plot__jitter_position.py"
.. LINE NUMBERS ARE GIVEN BELOW.

.. only:: html

    .. note::
        :class: sphx-glr-download-link-note

        Click :ref:`here <sphx_glr_download_gallery__position_adjustments_plot__jitter_position.py>`
        to download the full example code

.. rst-class:: sphx-glr-example-title

.. _sphx_glr_gallery__position_adjustments_plot__jitter_position.py:


Jitter Position
===============

Position adjustments determine how to arrange geoms that would otherwise
occupy the same space.

Add random noise to ``X`` and ``Y`` position of each element to avoid
overplot using position jitter.

See
`position_jitter() <https://jetbrains.github.io/lets-plot-docs/pages/api/lets_plot.position_jitter.html#lets_plot.position_jitter>`__.

.. GENERATED FROM PYTHON SOURCE LINES 15-22

.. code-block:: default



    import pandas as pd

    from lets_plot import *
    LetsPlot.setup_html()








.. GENERATED FROM PYTHON SOURCE LINES 24-27

.. code-block:: default


    df = pd.read_csv('https://raw.githubusercontent.com/JetBrains/lets-plot-docs/master/data/mpg.csv')








.. GENERATED FROM PYTHON SOURCE LINES 28-37

.. code-block:: default


    p = ggplot(df, aes('cty', 'hwy'))
    p1 = p + geom_point() + ggtitle('Default')
    p2 = p + geom_point(position='jitter') + ggtitle("With Jitter Position")

    w, h = 400, 300
    bunch = GGBunch()
    bunch.add_plot(p1, 0, 0, w, h)
    bunch.add_plot(p2, w, 0, w, h)
    bunch




.. raw:: html

    <div class="output_subarea output_html rendered_html output_result">
    <html lang="en">
       <head>
           <script type="text/javascript" data-lets-plot-script="library" src="https://cdnjs.cloudflare.com/ajax/libs/lets-plot/2.0.2/lets-plot.min.js"></script>
       </head>
       <body>
              <div id="FamaE4"></div>
       <script type="text/javascript" data-lets-plot-script="plot">
           var plotSpec={
    'kind':"ggbunch",
    'items':[{
    'x':0,
    'y':0,
    'width':400,
    'height':300,
    'feature_spec':{
    'data':{
    'cty':[18.0,21.0,20.0,21.0,16.0,18.0,18.0,18.0,16.0,20.0,19.0,15.0,17.0,17.0,15.0,15.0,17.0,16.0,14.0,11.0,14.0,13.0,12.0,16.0,15.0,16.0,15.0,15.0,14.0,11.0,11.0,14.0,19.0,22.0,18.0,18.0,17.0,18.0,17.0,16.0,16.0,17.0,17.0,11.0,15.0,15.0,16.0,16.0,15.0,14.0,13.0,14.0,14.0,14.0,9.0,11.0,11.0,13.0,13.0,9.0,13.0,11.0,13.0,11.0,12.0,9.0,13.0,13.0,12.0,9.0,11.0,11.0,13.0,11.0,11.0,11.0,12.0,14.0,15.0,14.0,13.0,13.0,13.0,14.0,14.0,13.0,13.0,13.0,11.0,13.0,18.0,18.0,17.0,16.0,15.0,15.0,15.0,15.0,14.0,28.0,24.0,25.0,23.0,24.0,26.0,25.0,24.0,21.0,18.0,18.0,21.0,21.0,18.0,18.0,19.0,19.0,19.0,20.0,20.0,17.0,16.0,17.0,17.0,15.0,15.0,14.0,9.0,14.0,13.0,11.0,11.0,12.0,12.0,11.0,11.0,11.0,12.0,14.0,13.0,13.0,13.0,21.0,19.0,23.0,23.0,19.0,19.0,18.0,19.0,19.0,14.0,15.0,14.0,12.0,18.0,16.0,17.0,18.0,16.0,18.0,18.0,20.0,19.0,20.0,18.0,21.0,19.0,19.0,19.0,20.0,20.0,19.0,20.0,15.0,16.0,15.0,15.0,16.0,14.0,21.0,21.0,21.0,21.0,18.0,18.0,19.0,21.0,21.0,21.0,22.0,18.0,18.0,18.0,24.0,24.0,26.0,28.0,26.0,11.0,13.0,15.0,16.0,17.0,15.0,15.0,15.0,16.0,21.0,19.0,21.0,22.0,17.0,33.0,21.0,19.0,22.0,21.0,21.0,21.0,16.0,17.0,35.0,29.0,21.0,19.0,20.0,20.0,21.0,18.0,19.0,21.0,16.0,18.0,17.0],
    'hwy':[29.0,29.0,31.0,30.0,26.0,26.0,27.0,26.0,25.0,28.0,27.0,25.0,25.0,25.0,25.0,24.0,25.0,23.0,20.0,15.0,20.0,17.0,17.0,26.0,23.0,26.0,25.0,24.0,19.0,14.0,15.0,17.0,27.0,30.0,26.0,29.0,26.0,24.0,24.0,22.0,22.0,24.0,24.0,17.0,22.0,21.0,23.0,23.0,19.0,18.0,17.0,17.0,19.0,19.0,12.0,17.0,15.0,17.0,17.0,12.0,17.0,16.0,18.0,15.0,16.0,12.0,17.0,17.0,16.0,12.0,15.0,16.0,17.0,15.0,17.0,17.0,18.0,17.0,19.0,17.0,19.0,19.0,17.0,17.0,17.0,16.0,16.0,17.0,15.0,17.0,26.0,25.0,26.0,24.0,21.0,22.0,23.0,22.0,20.0,33.0,32.0,32.0,29.0,32.0,34.0,36.0,36.0,29.0,26.0,27.0,30.0,31.0,26.0,26.0,28.0,26.0,29.0,28.0,27.0,24.0,24.0,24.0,22.0,19.0,20.0,17.0,12.0,19.0,18.0,14.0,15.0,18.0,18.0,15.0,17.0,16.0,18.0,17.0,19.0,19.0,17.0,29.0,27.0,31.0,32.0,27.0,26.0,26.0,25.0,25.0,17.0,17.0,20.0,18.0,26.0,26.0,27.0,28.0,25.0,25.0,24.0,27.0,25.0,26.0,23.0,26.0,26.0,26.0,26.0,25.0,27.0,25.0,27.0,20.0,20.0,19.0,17.0,20.0,17.0,29.0,27.0,31.0,31.0,26.0,26.0,28.0,27.0,29.0,31.0,31.0,26.0,26.0,27.0,30.0,33.0,35.0,37.0,35.0,15.0,18.0,20.0,20.0,22.0,17.0,19.0,18.0,20.0,29.0,26.0,29.0,29.0,24.0,44.0,29.0,26.0,29.0,29.0,29.0,29.0,23.0,24.0,44.0,41.0,29.0,26.0,28.0,29.0,29.0,29.0,28.0,29.0,26.0,26.0,26.0]
    },
    'mapping':{
    'x':"cty",
    'y':"hwy"
    },
    'data_meta':{
    },
    'ggtitle':{
    'text':"Default"
    },
    'kind':"plot",
    'scales':[],
    'layers':[{
    'geom':"point",
    'mapping':{
    },
    'data_meta':{
    },
    'data':{
    }
    }]
    }
    },{
    'x':400,
    'y':0,
    'width':400,
    'height':300,
    'feature_spec':{
    'data':{
    'cty':[18.0,21.0,20.0,21.0,16.0,18.0,18.0,18.0,16.0,20.0,19.0,15.0,17.0,17.0,15.0,15.0,17.0,16.0,14.0,11.0,14.0,13.0,12.0,16.0,15.0,16.0,15.0,15.0,14.0,11.0,11.0,14.0,19.0,22.0,18.0,18.0,17.0,18.0,17.0,16.0,16.0,17.0,17.0,11.0,15.0,15.0,16.0,16.0,15.0,14.0,13.0,14.0,14.0,14.0,9.0,11.0,11.0,13.0,13.0,9.0,13.0,11.0,13.0,11.0,12.0,9.0,13.0,13.0,12.0,9.0,11.0,11.0,13.0,11.0,11.0,11.0,12.0,14.0,15.0,14.0,13.0,13.0,13.0,14.0,14.0,13.0,13.0,13.0,11.0,13.0,18.0,18.0,17.0,16.0,15.0,15.0,15.0,15.0,14.0,28.0,24.0,25.0,23.0,24.0,26.0,25.0,24.0,21.0,18.0,18.0,21.0,21.0,18.0,18.0,19.0,19.0,19.0,20.0,20.0,17.0,16.0,17.0,17.0,15.0,15.0,14.0,9.0,14.0,13.0,11.0,11.0,12.0,12.0,11.0,11.0,11.0,12.0,14.0,13.0,13.0,13.0,21.0,19.0,23.0,23.0,19.0,19.0,18.0,19.0,19.0,14.0,15.0,14.0,12.0,18.0,16.0,17.0,18.0,16.0,18.0,18.0,20.0,19.0,20.0,18.0,21.0,19.0,19.0,19.0,20.0,20.0,19.0,20.0,15.0,16.0,15.0,15.0,16.0,14.0,21.0,21.0,21.0,21.0,18.0,18.0,19.0,21.0,21.0,21.0,22.0,18.0,18.0,18.0,24.0,24.0,26.0,28.0,26.0,11.0,13.0,15.0,16.0,17.0,15.0,15.0,15.0,16.0,21.0,19.0,21.0,22.0,17.0,33.0,21.0,19.0,22.0,21.0,21.0,21.0,16.0,17.0,35.0,29.0,21.0,19.0,20.0,20.0,21.0,18.0,19.0,21.0,16.0,18.0,17.0],
    'hwy':[29.0,29.0,31.0,30.0,26.0,26.0,27.0,26.0,25.0,28.0,27.0,25.0,25.0,25.0,25.0,24.0,25.0,23.0,20.0,15.0,20.0,17.0,17.0,26.0,23.0,26.0,25.0,24.0,19.0,14.0,15.0,17.0,27.0,30.0,26.0,29.0,26.0,24.0,24.0,22.0,22.0,24.0,24.0,17.0,22.0,21.0,23.0,23.0,19.0,18.0,17.0,17.0,19.0,19.0,12.0,17.0,15.0,17.0,17.0,12.0,17.0,16.0,18.0,15.0,16.0,12.0,17.0,17.0,16.0,12.0,15.0,16.0,17.0,15.0,17.0,17.0,18.0,17.0,19.0,17.0,19.0,19.0,17.0,17.0,17.0,16.0,16.0,17.0,15.0,17.0,26.0,25.0,26.0,24.0,21.0,22.0,23.0,22.0,20.0,33.0,32.0,32.0,29.0,32.0,34.0,36.0,36.0,29.0,26.0,27.0,30.0,31.0,26.0,26.0,28.0,26.0,29.0,28.0,27.0,24.0,24.0,24.0,22.0,19.0,20.0,17.0,12.0,19.0,18.0,14.0,15.0,18.0,18.0,15.0,17.0,16.0,18.0,17.0,19.0,19.0,17.0,29.0,27.0,31.0,32.0,27.0,26.0,26.0,25.0,25.0,17.0,17.0,20.0,18.0,26.0,26.0,27.0,28.0,25.0,25.0,24.0,27.0,25.0,26.0,23.0,26.0,26.0,26.0,26.0,25.0,27.0,25.0,27.0,20.0,20.0,19.0,17.0,20.0,17.0,29.0,27.0,31.0,31.0,26.0,26.0,28.0,27.0,29.0,31.0,31.0,26.0,26.0,27.0,30.0,33.0,35.0,37.0,35.0,15.0,18.0,20.0,20.0,22.0,17.0,19.0,18.0,20.0,29.0,26.0,29.0,29.0,24.0,44.0,29.0,26.0,29.0,29.0,29.0,29.0,23.0,24.0,44.0,41.0,29.0,26.0,28.0,29.0,29.0,29.0,28.0,29.0,26.0,26.0,26.0]
    },
    'mapping':{
    'x':"cty",
    'y':"hwy"
    },
    'data_meta':{
    },
    'ggtitle':{
    'text':"With Jitter Position"
    },
    'kind':"plot",
    'scales':[],
    'layers':[{
    'geom':"point",
    'mapping':{
    },
    'position':"jitter",
    'data_meta':{
    },
    'data':{
    }
    }]
    }
    }]
    };
           var plotContainer = document.getElementById("FamaE4");
           LetsPlot.buildPlotFromProcessedSpecs(plotSpec, -1, -1, plotContainer);
       </script>
       </body>
    </html>
    </div>
    <br />
    <br />


.. rst-class:: sphx-glr-timing

   **Total running time of the script:** ( 0 minutes  0.230 seconds)


.. _sphx_glr_download_gallery__position_adjustments_plot__jitter_position.py:


.. only :: html

 .. container:: sphx-glr-footer
    :class: sphx-glr-footer-example



  .. container:: sphx-glr-download sphx-glr-download-python

     :download:`Download Python source code: plot__jitter_position.py <plot__jitter_position.py>`



  .. container:: sphx-glr-download sphx-glr-download-jupyter

     :download:`Download Jupyter notebook: plot__jitter_position.ipynb <plot__jitter_position.ipynb>`


.. only:: html

 .. rst-class:: sphx-glr-signature

    `Gallery generated by Sphinx-Gallery <https://sphinx-gallery.github.io>`_
