
.. DO NOT EDIT.
.. THIS FILE WAS AUTOMATICALLY GENERATED BY SPHINX-GALLERY.
.. TO MAKE CHANGES, EDIT THE SOURCE PYTHON FILE:
.. "gallery\_faceting\plot__facet_grid.py"
.. LINE NUMBERS ARE GIVEN BELOW.

.. only:: html

    .. note::
        :class: sphx-glr-download-link-note

        Click :ref:`here <sphx_glr_download_gallery__faceting_plot__facet_grid.py>`
        to download the full example code

.. rst-class:: sphx-glr-example-title

.. _sphx_glr_gallery__faceting_plot__facet_grid.py:


Facet Grid
==========

Facets divide a plot into subplots based on the values of one or more
discrete variable.

See
`facet_grid() <https://jetbrains.github.io/lets-plot-docs/pages/api/lets_plot.facet_grid.html#lets_plot.facet_grid>`__.

.. GENERATED FROM PYTHON SOURCE LINES 12-19

.. code-block:: default



    import pandas as pd

    from lets_plot import *
    LetsPlot.setup_html()








.. GENERATED FROM PYTHON SOURCE LINES 21-24

.. code-block:: default


    df = pd.read_csv('https://raw.githubusercontent.com/JetBrains/lets-plot-docs/master/data/mpg.csv')








.. GENERATED FROM PYTHON SOURCE LINES 25-29

.. code-block:: default


    p = ggplot(df, aes('cty', 'hwy')) + geom_point()
    p






.. raw:: html

    <div class="output_subarea output_html rendered_html output_result">
    <html lang="en">
       <head>
           <script type="text/javascript" data-lets-plot-script="library" src="https://cdn.jsdelivr.net/gh/JetBrains/lets-plot@v2.0.4/js-package/distr/lets-plot.min.js"></script>
       </head>
       <body>
              <div id="ZC2YLI"></div>
       <script type="text/javascript" data-lets-plot-script="plot">
           var plotSpec={
    "data":{
    "cty":[18.0,21.0,20.0,21.0,16.0,18.0,18.0,18.0,16.0,20.0,19.0,15.0,17.0,17.0,15.0,15.0,17.0,16.0,14.0,11.0,14.0,13.0,12.0,16.0,15.0,16.0,15.0,15.0,14.0,11.0,11.0,14.0,19.0,22.0,18.0,18.0,17.0,18.0,17.0,16.0,16.0,17.0,17.0,11.0,15.0,15.0,16.0,16.0,15.0,14.0,13.0,14.0,14.0,14.0,9.0,11.0,11.0,13.0,13.0,9.0,13.0,11.0,13.0,11.0,12.0,9.0,13.0,13.0,12.0,9.0,11.0,11.0,13.0,11.0,11.0,11.0,12.0,14.0,15.0,14.0,13.0,13.0,13.0,14.0,14.0,13.0,13.0,13.0,11.0,13.0,18.0,18.0,17.0,16.0,15.0,15.0,15.0,15.0,14.0,28.0,24.0,25.0,23.0,24.0,26.0,25.0,24.0,21.0,18.0,18.0,21.0,21.0,18.0,18.0,19.0,19.0,19.0,20.0,20.0,17.0,16.0,17.0,17.0,15.0,15.0,14.0,9.0,14.0,13.0,11.0,11.0,12.0,12.0,11.0,11.0,11.0,12.0,14.0,13.0,13.0,13.0,21.0,19.0,23.0,23.0,19.0,19.0,18.0,19.0,19.0,14.0,15.0,14.0,12.0,18.0,16.0,17.0,18.0,16.0,18.0,18.0,20.0,19.0,20.0,18.0,21.0,19.0,19.0,19.0,20.0,20.0,19.0,20.0,15.0,16.0,15.0,15.0,16.0,14.0,21.0,21.0,21.0,21.0,18.0,18.0,19.0,21.0,21.0,21.0,22.0,18.0,18.0,18.0,24.0,24.0,26.0,28.0,26.0,11.0,13.0,15.0,16.0,17.0,15.0,15.0,15.0,16.0,21.0,19.0,21.0,22.0,17.0,33.0,21.0,19.0,22.0,21.0,21.0,21.0,16.0,17.0,35.0,29.0,21.0,19.0,20.0,20.0,21.0,18.0,19.0,21.0,16.0,18.0,17.0],
    "hwy":[29.0,29.0,31.0,30.0,26.0,26.0,27.0,26.0,25.0,28.0,27.0,25.0,25.0,25.0,25.0,24.0,25.0,23.0,20.0,15.0,20.0,17.0,17.0,26.0,23.0,26.0,25.0,24.0,19.0,14.0,15.0,17.0,27.0,30.0,26.0,29.0,26.0,24.0,24.0,22.0,22.0,24.0,24.0,17.0,22.0,21.0,23.0,23.0,19.0,18.0,17.0,17.0,19.0,19.0,12.0,17.0,15.0,17.0,17.0,12.0,17.0,16.0,18.0,15.0,16.0,12.0,17.0,17.0,16.0,12.0,15.0,16.0,17.0,15.0,17.0,17.0,18.0,17.0,19.0,17.0,19.0,19.0,17.0,17.0,17.0,16.0,16.0,17.0,15.0,17.0,26.0,25.0,26.0,24.0,21.0,22.0,23.0,22.0,20.0,33.0,32.0,32.0,29.0,32.0,34.0,36.0,36.0,29.0,26.0,27.0,30.0,31.0,26.0,26.0,28.0,26.0,29.0,28.0,27.0,24.0,24.0,24.0,22.0,19.0,20.0,17.0,12.0,19.0,18.0,14.0,15.0,18.0,18.0,15.0,17.0,16.0,18.0,17.0,19.0,19.0,17.0,29.0,27.0,31.0,32.0,27.0,26.0,26.0,25.0,25.0,17.0,17.0,20.0,18.0,26.0,26.0,27.0,28.0,25.0,25.0,24.0,27.0,25.0,26.0,23.0,26.0,26.0,26.0,26.0,25.0,27.0,25.0,27.0,20.0,20.0,19.0,17.0,20.0,17.0,29.0,27.0,31.0,31.0,26.0,26.0,28.0,27.0,29.0,31.0,31.0,26.0,26.0,27.0,30.0,33.0,35.0,37.0,35.0,15.0,18.0,20.0,20.0,22.0,17.0,19.0,18.0,20.0,29.0,26.0,29.0,29.0,24.0,44.0,29.0,26.0,29.0,29.0,29.0,29.0,23.0,24.0,44.0,41.0,29.0,26.0,28.0,29.0,29.0,29.0,28.0,29.0,26.0,26.0,26.0]
    },
    "mapping":{
    "x":"cty",
    "y":"hwy"
    },
    "data_meta":{
    },
    "kind":"plot",
    "scales":[],
    "layers":[{
    "geom":"point",
    "mapping":{
    },
    "data_meta":{
    },
    "data":{
    }
    }]
    };
           var plotContainer = document.getElementById("ZC2YLI");
           LetsPlot.buildPlotFromProcessedSpecs(plotSpec, -1, -1, plotContainer);
       </script>
       </body>
    </html>
    </div>
    <br />
    <br />

.. GENERATED FROM PYTHON SOURCE LINES 32-34

Columns Based Facet
-------------------

.. GENERATED FROM PYTHON SOURCE LINES 37-40

.. code-block:: default


    p + facet_grid(x='fl')






.. raw:: html

    <div class="output_subarea output_html rendered_html output_result">
    <html lang="en">
       <head>
           <script type="text/javascript" data-lets-plot-script="library" src="https://cdn.jsdelivr.net/gh/JetBrains/lets-plot@v2.0.4/js-package/distr/lets-plot.min.js"></script>
       </head>
       <body>
              <div id="lTM2aQ"></div>
       <script type="text/javascript" data-lets-plot-script="plot">
           var plotSpec={
    "data":{
    "cty":[18.0,21.0,20.0,21.0,16.0,18.0,18.0,18.0,16.0,20.0,19.0,15.0,17.0,17.0,15.0,15.0,17.0,16.0,14.0,11.0,14.0,13.0,12.0,16.0,15.0,16.0,15.0,15.0,14.0,11.0,11.0,14.0,19.0,22.0,18.0,18.0,17.0,18.0,17.0,16.0,16.0,17.0,17.0,11.0,15.0,15.0,16.0,16.0,15.0,14.0,13.0,14.0,14.0,14.0,9.0,11.0,11.0,13.0,13.0,9.0,13.0,11.0,13.0,11.0,12.0,9.0,13.0,13.0,12.0,9.0,11.0,11.0,13.0,11.0,11.0,11.0,12.0,14.0,15.0,14.0,13.0,13.0,13.0,14.0,14.0,13.0,13.0,13.0,11.0,13.0,18.0,18.0,17.0,16.0,15.0,15.0,15.0,15.0,14.0,28.0,24.0,25.0,23.0,24.0,26.0,25.0,24.0,21.0,18.0,18.0,21.0,21.0,18.0,18.0,19.0,19.0,19.0,20.0,20.0,17.0,16.0,17.0,17.0,15.0,15.0,14.0,9.0,14.0,13.0,11.0,11.0,12.0,12.0,11.0,11.0,11.0,12.0,14.0,13.0,13.0,13.0,21.0,19.0,23.0,23.0,19.0,19.0,18.0,19.0,19.0,14.0,15.0,14.0,12.0,18.0,16.0,17.0,18.0,16.0,18.0,18.0,20.0,19.0,20.0,18.0,21.0,19.0,19.0,19.0,20.0,20.0,19.0,20.0,15.0,16.0,15.0,15.0,16.0,14.0,21.0,21.0,21.0,21.0,18.0,18.0,19.0,21.0,21.0,21.0,22.0,18.0,18.0,18.0,24.0,24.0,26.0,28.0,26.0,11.0,13.0,15.0,16.0,17.0,15.0,15.0,15.0,16.0,21.0,19.0,21.0,22.0,17.0,33.0,21.0,19.0,22.0,21.0,21.0,21.0,16.0,17.0,35.0,29.0,21.0,19.0,20.0,20.0,21.0,18.0,19.0,21.0,16.0,18.0,17.0],
    "hwy":[29.0,29.0,31.0,30.0,26.0,26.0,27.0,26.0,25.0,28.0,27.0,25.0,25.0,25.0,25.0,24.0,25.0,23.0,20.0,15.0,20.0,17.0,17.0,26.0,23.0,26.0,25.0,24.0,19.0,14.0,15.0,17.0,27.0,30.0,26.0,29.0,26.0,24.0,24.0,22.0,22.0,24.0,24.0,17.0,22.0,21.0,23.0,23.0,19.0,18.0,17.0,17.0,19.0,19.0,12.0,17.0,15.0,17.0,17.0,12.0,17.0,16.0,18.0,15.0,16.0,12.0,17.0,17.0,16.0,12.0,15.0,16.0,17.0,15.0,17.0,17.0,18.0,17.0,19.0,17.0,19.0,19.0,17.0,17.0,17.0,16.0,16.0,17.0,15.0,17.0,26.0,25.0,26.0,24.0,21.0,22.0,23.0,22.0,20.0,33.0,32.0,32.0,29.0,32.0,34.0,36.0,36.0,29.0,26.0,27.0,30.0,31.0,26.0,26.0,28.0,26.0,29.0,28.0,27.0,24.0,24.0,24.0,22.0,19.0,20.0,17.0,12.0,19.0,18.0,14.0,15.0,18.0,18.0,15.0,17.0,16.0,18.0,17.0,19.0,19.0,17.0,29.0,27.0,31.0,32.0,27.0,26.0,26.0,25.0,25.0,17.0,17.0,20.0,18.0,26.0,26.0,27.0,28.0,25.0,25.0,24.0,27.0,25.0,26.0,23.0,26.0,26.0,26.0,26.0,25.0,27.0,25.0,27.0,20.0,20.0,19.0,17.0,20.0,17.0,29.0,27.0,31.0,31.0,26.0,26.0,28.0,27.0,29.0,31.0,31.0,26.0,26.0,27.0,30.0,33.0,35.0,37.0,35.0,15.0,18.0,20.0,20.0,22.0,17.0,19.0,18.0,20.0,29.0,26.0,29.0,29.0,24.0,44.0,29.0,26.0,29.0,29.0,29.0,29.0,23.0,24.0,44.0,41.0,29.0,26.0,28.0,29.0,29.0,29.0,28.0,29.0,26.0,26.0,26.0],
    "fl":["p","p","p","p","p","p","p","p","p","p","p","p","p","p","p","p","p","p","r","e","r","r","r","p","p","p","p","p","r","e","r","d","r","r","r","r","r","r","r","r","r","r","r","e","r","r","r","r","r","r","r","r","r","r","e","r","r","r","r","e","r","r","r","r","r","e","r","r","r","e","r","r","r","r","r","r","r","r","r","r","r","r","r","r","r","r","r","r","r","r","r","r","r","r","r","r","r","r","p","r","r","r","p","r","r","r","c","p","r","r","r","r","r","r","r","r","r","r","r","r","r","r","d","r","r","r","e","r","r","p","p","r","r","p","r","p","r","r","r","r","r","r","r","r","r","p","p","r","r","p","r","r","p","p","r","p","r","r","p","r","r","r","p","r","p","r","r","r","r","p","r","p","r","r","r","r","r","r","r","r","r","r","r","r","r","r","r","r","r","r","r","r","r","r","r","r","r","r","r","r","r","r","r","r","r","r","r","r","r","p","p","r","d","r","r","p","p","r","r","r","r","d","d","r","r","r","r","p","p","p","p","p","p","p"]
    },
    "mapping":{
    "x":"cty",
    "y":"hwy"
    },
    "data_meta":{
    },
    "facet":{
    "name":"grid",
    "x":"fl",
    "x_order":1,
    "y_order":1
    },
    "kind":"plot",
    "scales":[],
    "layers":[{
    "geom":"point",
    "mapping":{
    },
    "data_meta":{
    },
    "data":{
    }
    }]
    };
           var plotContainer = document.getElementById("lTM2aQ");
           LetsPlot.buildPlotFromProcessedSpecs(plotSpec, -1, -1, plotContainer);
       </script>
       </body>
    </html>
    </div>
    <br />
    <br />

.. GENERATED FROM PYTHON SOURCE LINES 43-45

Rows Based Facet
----------------

.. GENERATED FROM PYTHON SOURCE LINES 48-51

.. code-block:: default


    p + facet_grid(y='year')






.. raw:: html

    <div class="output_subarea output_html rendered_html output_result">
    <html lang="en">
       <head>
           <script type="text/javascript" data-lets-plot-script="library" src="https://cdn.jsdelivr.net/gh/JetBrains/lets-plot@v2.0.4/js-package/distr/lets-plot.min.js"></script>
       </head>
       <body>
              <div id="J3UjDk"></div>
       <script type="text/javascript" data-lets-plot-script="plot">
           var plotSpec={
    "data":{
    "year":[1999.0,1999.0,2008.0,2008.0,1999.0,1999.0,2008.0,1999.0,1999.0,2008.0,2008.0,1999.0,1999.0,2008.0,2008.0,1999.0,2008.0,2008.0,2008.0,2008.0,2008.0,1999.0,2008.0,1999.0,1999.0,2008.0,2008.0,2008.0,2008.0,2008.0,1999.0,1999.0,1999.0,2008.0,1999.0,2008.0,2008.0,1999.0,1999.0,1999.0,1999.0,2008.0,2008.0,2008.0,1999.0,1999.0,2008.0,2008.0,2008.0,2008.0,1999.0,1999.0,2008.0,2008.0,2008.0,1999.0,1999.0,1999.0,2008.0,2008.0,2008.0,1999.0,2008.0,1999.0,2008.0,2008.0,2008.0,2008.0,2008.0,2008.0,1999.0,1999.0,2008.0,1999.0,1999.0,1999.0,2008.0,1999.0,1999.0,1999.0,2008.0,2008.0,1999.0,1999.0,1999.0,1999.0,1999.0,2008.0,1999.0,2008.0,1999.0,1999.0,2008.0,2008.0,1999.0,1999.0,2008.0,2008.0,2008.0,1999.0,1999.0,1999.0,1999.0,1999.0,2008.0,2008.0,2008.0,2008.0,1999.0,1999.0,2008.0,2008.0,1999.0,1999.0,2008.0,1999.0,1999.0,2008.0,2008.0,2008.0,2008.0,2008.0,2008.0,2008.0,1999.0,1999.0,2008.0,2008.0,2008.0,2008.0,1999.0,2008.0,2008.0,1999.0,1999.0,1999.0,2008.0,1999.0,2008.0,2008.0,1999.0,1999.0,1999.0,2008.0,2008.0,2008.0,2008.0,1999.0,1999.0,2008.0,1999.0,1999.0,2008.0,2008.0,1999.0,1999.0,1999.0,2008.0,2008.0,1999.0,1999.0,2008.0,2008.0,2008.0,2008.0,1999.0,1999.0,1999.0,1999.0,2008.0,2008.0,2008.0,2008.0,1999.0,1999.0,1999.0,1999.0,2008.0,2008.0,1999.0,1999.0,2008.0,2008.0,1999.0,1999.0,2008.0,1999.0,1999.0,2008.0,2008.0,1999.0,1999.0,2008.0,1999.0,1999.0,1999.0,2008.0,2008.0,1999.0,2008.0,1999.0,1999.0,2008.0,1999.0,1999.0,2008.0,2008.0,1999.0,1999.0,2008.0,2008.0,1999.0,1999.0,1999.0,1999.0,2008.0,2008.0,2008.0,2008.0,1999.0,1999.0,1999.0,1999.0,1999.0,1999.0,2008.0,2008.0,1999.0,1999.0,2008.0,2008.0,1999.0,1999.0,2008.0],
    "cty":[18.0,21.0,20.0,21.0,16.0,18.0,18.0,18.0,16.0,20.0,19.0,15.0,17.0,17.0,15.0,15.0,17.0,16.0,14.0,11.0,14.0,13.0,12.0,16.0,15.0,16.0,15.0,15.0,14.0,11.0,11.0,14.0,19.0,22.0,18.0,18.0,17.0,18.0,17.0,16.0,16.0,17.0,17.0,11.0,15.0,15.0,16.0,16.0,15.0,14.0,13.0,14.0,14.0,14.0,9.0,11.0,11.0,13.0,13.0,9.0,13.0,11.0,13.0,11.0,12.0,9.0,13.0,13.0,12.0,9.0,11.0,11.0,13.0,11.0,11.0,11.0,12.0,14.0,15.0,14.0,13.0,13.0,13.0,14.0,14.0,13.0,13.0,13.0,11.0,13.0,18.0,18.0,17.0,16.0,15.0,15.0,15.0,15.0,14.0,28.0,24.0,25.0,23.0,24.0,26.0,25.0,24.0,21.0,18.0,18.0,21.0,21.0,18.0,18.0,19.0,19.0,19.0,20.0,20.0,17.0,16.0,17.0,17.0,15.0,15.0,14.0,9.0,14.0,13.0,11.0,11.0,12.0,12.0,11.0,11.0,11.0,12.0,14.0,13.0,13.0,13.0,21.0,19.0,23.0,23.0,19.0,19.0,18.0,19.0,19.0,14.0,15.0,14.0,12.0,18.0,16.0,17.0,18.0,16.0,18.0,18.0,20.0,19.0,20.0,18.0,21.0,19.0,19.0,19.0,20.0,20.0,19.0,20.0,15.0,16.0,15.0,15.0,16.0,14.0,21.0,21.0,21.0,21.0,18.0,18.0,19.0,21.0,21.0,21.0,22.0,18.0,18.0,18.0,24.0,24.0,26.0,28.0,26.0,11.0,13.0,15.0,16.0,17.0,15.0,15.0,15.0,16.0,21.0,19.0,21.0,22.0,17.0,33.0,21.0,19.0,22.0,21.0,21.0,21.0,16.0,17.0,35.0,29.0,21.0,19.0,20.0,20.0,21.0,18.0,19.0,21.0,16.0,18.0,17.0],
    "hwy":[29.0,29.0,31.0,30.0,26.0,26.0,27.0,26.0,25.0,28.0,27.0,25.0,25.0,25.0,25.0,24.0,25.0,23.0,20.0,15.0,20.0,17.0,17.0,26.0,23.0,26.0,25.0,24.0,19.0,14.0,15.0,17.0,27.0,30.0,26.0,29.0,26.0,24.0,24.0,22.0,22.0,24.0,24.0,17.0,22.0,21.0,23.0,23.0,19.0,18.0,17.0,17.0,19.0,19.0,12.0,17.0,15.0,17.0,17.0,12.0,17.0,16.0,18.0,15.0,16.0,12.0,17.0,17.0,16.0,12.0,15.0,16.0,17.0,15.0,17.0,17.0,18.0,17.0,19.0,17.0,19.0,19.0,17.0,17.0,17.0,16.0,16.0,17.0,15.0,17.0,26.0,25.0,26.0,24.0,21.0,22.0,23.0,22.0,20.0,33.0,32.0,32.0,29.0,32.0,34.0,36.0,36.0,29.0,26.0,27.0,30.0,31.0,26.0,26.0,28.0,26.0,29.0,28.0,27.0,24.0,24.0,24.0,22.0,19.0,20.0,17.0,12.0,19.0,18.0,14.0,15.0,18.0,18.0,15.0,17.0,16.0,18.0,17.0,19.0,19.0,17.0,29.0,27.0,31.0,32.0,27.0,26.0,26.0,25.0,25.0,17.0,17.0,20.0,18.0,26.0,26.0,27.0,28.0,25.0,25.0,24.0,27.0,25.0,26.0,23.0,26.0,26.0,26.0,26.0,25.0,27.0,25.0,27.0,20.0,20.0,19.0,17.0,20.0,17.0,29.0,27.0,31.0,31.0,26.0,26.0,28.0,27.0,29.0,31.0,31.0,26.0,26.0,27.0,30.0,33.0,35.0,37.0,35.0,15.0,18.0,20.0,20.0,22.0,17.0,19.0,18.0,20.0,29.0,26.0,29.0,29.0,24.0,44.0,29.0,26.0,29.0,29.0,29.0,29.0,23.0,24.0,44.0,41.0,29.0,26.0,28.0,29.0,29.0,29.0,28.0,29.0,26.0,26.0,26.0]
    },
    "mapping":{
    "x":"cty",
    "y":"hwy"
    },
    "data_meta":{
    },
    "facet":{
    "name":"grid",
    "y":"year",
    "x_order":1,
    "y_order":1
    },
    "kind":"plot",
    "scales":[],
    "layers":[{
    "geom":"point",
    "mapping":{
    },
    "data_meta":{
    },
    "data":{
    }
    }]
    };
           var plotContainer = document.getElementById("J3UjDk");
           LetsPlot.buildPlotFromProcessedSpecs(plotSpec, -1, -1, plotContainer);
       </script>
       </body>
    </html>
    </div>
    <br />
    <br />

.. GENERATED FROM PYTHON SOURCE LINES 54-56

Facet Into Rows and Columns
---------------------------

.. GENERATED FROM PYTHON SOURCE LINES 59-60

.. code-block:: default


    p + facet_grid(x='fl', y='year')




.. raw:: html

    <div class="output_subarea output_html rendered_html output_result">
    <html lang="en">
       <head>
           <script type="text/javascript" data-lets-plot-script="library" src="https://cdn.jsdelivr.net/gh/JetBrains/lets-plot@v2.0.4/js-package/distr/lets-plot.min.js"></script>
       </head>
       <body>
              <div id="WzJDhX"></div>
       <script type="text/javascript" data-lets-plot-script="plot">
           var plotSpec={
    "data":{
    "year":[1999.0,1999.0,2008.0,2008.0,1999.0,1999.0,2008.0,1999.0,1999.0,2008.0,2008.0,1999.0,1999.0,2008.0,2008.0,1999.0,2008.0,2008.0,2008.0,2008.0,2008.0,1999.0,2008.0,1999.0,1999.0,2008.0,2008.0,2008.0,2008.0,2008.0,1999.0,1999.0,1999.0,2008.0,1999.0,2008.0,2008.0,1999.0,1999.0,1999.0,1999.0,2008.0,2008.0,2008.0,1999.0,1999.0,2008.0,2008.0,2008.0,2008.0,1999.0,1999.0,2008.0,2008.0,2008.0,1999.0,1999.0,1999.0,2008.0,2008.0,2008.0,1999.0,2008.0,1999.0,2008.0,2008.0,2008.0,2008.0,2008.0,2008.0,1999.0,1999.0,2008.0,1999.0,1999.0,1999.0,2008.0,1999.0,1999.0,1999.0,2008.0,2008.0,1999.0,1999.0,1999.0,1999.0,1999.0,2008.0,1999.0,2008.0,1999.0,1999.0,2008.0,2008.0,1999.0,1999.0,2008.0,2008.0,2008.0,1999.0,1999.0,1999.0,1999.0,1999.0,2008.0,2008.0,2008.0,2008.0,1999.0,1999.0,2008.0,2008.0,1999.0,1999.0,2008.0,1999.0,1999.0,2008.0,2008.0,2008.0,2008.0,2008.0,2008.0,2008.0,1999.0,1999.0,2008.0,2008.0,2008.0,2008.0,1999.0,2008.0,2008.0,1999.0,1999.0,1999.0,2008.0,1999.0,2008.0,2008.0,1999.0,1999.0,1999.0,2008.0,2008.0,2008.0,2008.0,1999.0,1999.0,2008.0,1999.0,1999.0,2008.0,2008.0,1999.0,1999.0,1999.0,2008.0,2008.0,1999.0,1999.0,2008.0,2008.0,2008.0,2008.0,1999.0,1999.0,1999.0,1999.0,2008.0,2008.0,2008.0,2008.0,1999.0,1999.0,1999.0,1999.0,2008.0,2008.0,1999.0,1999.0,2008.0,2008.0,1999.0,1999.0,2008.0,1999.0,1999.0,2008.0,2008.0,1999.0,1999.0,2008.0,1999.0,1999.0,1999.0,2008.0,2008.0,1999.0,2008.0,1999.0,1999.0,2008.0,1999.0,1999.0,2008.0,2008.0,1999.0,1999.0,2008.0,2008.0,1999.0,1999.0,1999.0,1999.0,2008.0,2008.0,2008.0,2008.0,1999.0,1999.0,1999.0,1999.0,1999.0,1999.0,2008.0,2008.0,1999.0,1999.0,2008.0,2008.0,1999.0,1999.0,2008.0],
    "cty":[18.0,21.0,20.0,21.0,16.0,18.0,18.0,18.0,16.0,20.0,19.0,15.0,17.0,17.0,15.0,15.0,17.0,16.0,14.0,11.0,14.0,13.0,12.0,16.0,15.0,16.0,15.0,15.0,14.0,11.0,11.0,14.0,19.0,22.0,18.0,18.0,17.0,18.0,17.0,16.0,16.0,17.0,17.0,11.0,15.0,15.0,16.0,16.0,15.0,14.0,13.0,14.0,14.0,14.0,9.0,11.0,11.0,13.0,13.0,9.0,13.0,11.0,13.0,11.0,12.0,9.0,13.0,13.0,12.0,9.0,11.0,11.0,13.0,11.0,11.0,11.0,12.0,14.0,15.0,14.0,13.0,13.0,13.0,14.0,14.0,13.0,13.0,13.0,11.0,13.0,18.0,18.0,17.0,16.0,15.0,15.0,15.0,15.0,14.0,28.0,24.0,25.0,23.0,24.0,26.0,25.0,24.0,21.0,18.0,18.0,21.0,21.0,18.0,18.0,19.0,19.0,19.0,20.0,20.0,17.0,16.0,17.0,17.0,15.0,15.0,14.0,9.0,14.0,13.0,11.0,11.0,12.0,12.0,11.0,11.0,11.0,12.0,14.0,13.0,13.0,13.0,21.0,19.0,23.0,23.0,19.0,19.0,18.0,19.0,19.0,14.0,15.0,14.0,12.0,18.0,16.0,17.0,18.0,16.0,18.0,18.0,20.0,19.0,20.0,18.0,21.0,19.0,19.0,19.0,20.0,20.0,19.0,20.0,15.0,16.0,15.0,15.0,16.0,14.0,21.0,21.0,21.0,21.0,18.0,18.0,19.0,21.0,21.0,21.0,22.0,18.0,18.0,18.0,24.0,24.0,26.0,28.0,26.0,11.0,13.0,15.0,16.0,17.0,15.0,15.0,15.0,16.0,21.0,19.0,21.0,22.0,17.0,33.0,21.0,19.0,22.0,21.0,21.0,21.0,16.0,17.0,35.0,29.0,21.0,19.0,20.0,20.0,21.0,18.0,19.0,21.0,16.0,18.0,17.0],
    "hwy":[29.0,29.0,31.0,30.0,26.0,26.0,27.0,26.0,25.0,28.0,27.0,25.0,25.0,25.0,25.0,24.0,25.0,23.0,20.0,15.0,20.0,17.0,17.0,26.0,23.0,26.0,25.0,24.0,19.0,14.0,15.0,17.0,27.0,30.0,26.0,29.0,26.0,24.0,24.0,22.0,22.0,24.0,24.0,17.0,22.0,21.0,23.0,23.0,19.0,18.0,17.0,17.0,19.0,19.0,12.0,17.0,15.0,17.0,17.0,12.0,17.0,16.0,18.0,15.0,16.0,12.0,17.0,17.0,16.0,12.0,15.0,16.0,17.0,15.0,17.0,17.0,18.0,17.0,19.0,17.0,19.0,19.0,17.0,17.0,17.0,16.0,16.0,17.0,15.0,17.0,26.0,25.0,26.0,24.0,21.0,22.0,23.0,22.0,20.0,33.0,32.0,32.0,29.0,32.0,34.0,36.0,36.0,29.0,26.0,27.0,30.0,31.0,26.0,26.0,28.0,26.0,29.0,28.0,27.0,24.0,24.0,24.0,22.0,19.0,20.0,17.0,12.0,19.0,18.0,14.0,15.0,18.0,18.0,15.0,17.0,16.0,18.0,17.0,19.0,19.0,17.0,29.0,27.0,31.0,32.0,27.0,26.0,26.0,25.0,25.0,17.0,17.0,20.0,18.0,26.0,26.0,27.0,28.0,25.0,25.0,24.0,27.0,25.0,26.0,23.0,26.0,26.0,26.0,26.0,25.0,27.0,25.0,27.0,20.0,20.0,19.0,17.0,20.0,17.0,29.0,27.0,31.0,31.0,26.0,26.0,28.0,27.0,29.0,31.0,31.0,26.0,26.0,27.0,30.0,33.0,35.0,37.0,35.0,15.0,18.0,20.0,20.0,22.0,17.0,19.0,18.0,20.0,29.0,26.0,29.0,29.0,24.0,44.0,29.0,26.0,29.0,29.0,29.0,29.0,23.0,24.0,44.0,41.0,29.0,26.0,28.0,29.0,29.0,29.0,28.0,29.0,26.0,26.0,26.0],
    "fl":["p","p","p","p","p","p","p","p","p","p","p","p","p","p","p","p","p","p","r","e","r","r","r","p","p","p","p","p","r","e","r","d","r","r","r","r","r","r","r","r","r","r","r","e","r","r","r","r","r","r","r","r","r","r","e","r","r","r","r","e","r","r","r","r","r","e","r","r","r","e","r","r","r","r","r","r","r","r","r","r","r","r","r","r","r","r","r","r","r","r","r","r","r","r","r","r","r","r","p","r","r","r","p","r","r","r","c","p","r","r","r","r","r","r","r","r","r","r","r","r","r","r","d","r","r","r","e","r","r","p","p","r","r","p","r","p","r","r","r","r","r","r","r","r","r","p","p","r","r","p","r","r","p","p","r","p","r","r","p","r","r","r","p","r","p","r","r","r","r","p","r","p","r","r","r","r","r","r","r","r","r","r","r","r","r","r","r","r","r","r","r","r","r","r","r","r","r","r","r","r","r","r","r","r","r","r","r","r","r","p","p","r","d","r","r","p","p","r","r","r","r","d","d","r","r","r","r","p","p","p","p","p","p","p"]
    },
    "mapping":{
    "x":"cty",
    "y":"hwy"
    },
    "data_meta":{
    },
    "facet":{
    "name":"grid",
    "x":"fl",
    "y":"year",
    "x_order":1,
    "y_order":1
    },
    "kind":"plot",
    "scales":[],
    "layers":[{
    "geom":"point",
    "mapping":{
    },
    "data_meta":{
    },
    "data":{
    }
    }]
    };
           var plotContainer = document.getElementById("WzJDhX");
           LetsPlot.buildPlotFromProcessedSpecs(plotSpec, -1, -1, plotContainer);
       </script>
       </body>
    </html>
    </div>
    <br />
    <br />


.. rst-class:: sphx-glr-timing

   **Total running time of the script:** ( 0 minutes  0.260 seconds)


.. _sphx_glr_download_gallery__faceting_plot__facet_grid.py:


.. only :: html

 .. container:: sphx-glr-footer
    :class: sphx-glr-footer-example



  .. container:: sphx-glr-download sphx-glr-download-python

     :download:`Download Python source code: plot__facet_grid.py <plot__facet_grid.py>`



  .. container:: sphx-glr-download sphx-glr-download-jupyter

     :download:`Download Jupyter notebook: plot__facet_grid.ipynb <plot__facet_grid.ipynb>`


.. only:: html

 .. rst-class:: sphx-glr-signature

    `Gallery generated by Sphinx-Gallery <https://sphinx-gallery.github.io>`_
